[macros/normalize%286%29]
version = 6.0
modtime = 1382391462.659534000

[macros/normalize%287%29]
version = 6.0
modtime = 1382391470.637880000
